jQuery112402680416670911776_1615299659651 (
{
"rc": 0,
"rt": 17,
"svr": 2887123381,
"lt": 1,
"full": 0,
"data": {
"code": "000688",
"market": 1,
"name": "科创50",
"decimal": 2,
"dktotal": 286,
"klines": [
"2019-12-31,1000.00,1000.00,1000.00,1000.00,1516205,6818057448.00,0.00",
"2020-01-02,1005.62,1019.72,1019.91,1005.62,2193852,9315104841.00,1.43",
"2020-01-03,1021.67,1024.48,1029.07,1018.68,2160583,9677367301.00,1.02",
"2020-01-06,1020.00,1027.28,1040.14,1020.00,2663011,11978945124.00,1.97",
"2020-01-07,1025.66,1043.08,1043.08,1019.86,2675921,11953768305.00,2.26",
"2020-01-08,1035.84,1051.16,1059.44,1034.51,3207626,13506584528.00,2.39",
"2020-01-09,1060.58,1078.31,1081.40,1060.58,2843420,12913099511.00,1.98",
"2020-01-10,1082.31,1076.44,1088.54,1076.44,2515474,10766677457.00,1.12",
"2020-01-13,1076.76,1105.85,1105.85,1069.78,2466259,11640010897.00,3.35",
"2020-01-14,1107.78,1118.31,1133.90,1107.78,3262463,15303201742.00,2.36",
"2020-01-15,1113.25,1114.77,1120.35,1105.58,2420464,11554276317.00,1.32",
"2020-01-16,1116.51,1154.30,1161.48,1116.51,3085287,16115816599.00,4.03",
"2020-01-17,1159.37,1238.66,1252.56,1159.37,5873596,26076157662.00,8.07",
"2020-01-20,1239.44,1240.51,1270.36,1208.69,5202591,25890091114.00,4.98",
"2020-01-21,1233.65,1195.01,1247.84,1194.80,4206788,20822897677.00,4.28",
"2020-01-22,1178.78,1244.53,1247.61,1157.29,4794740,23124808292.00,7.56",
"2020-01-23,1219.23,1202.10,1262.44,1177.09,4425934,23901230623.00,6.86",
"2020-02-03,1018.28,1030.55,1082.79,1015.60,5466543,22392218949.00,5.59",
"2020-02-04,1049.96,1153.23,1153.23,1049.96,5286206,25214022851.00,10.02",
"2020-02-05,1166.97,1203.61,1240.37,1166.97,5860213,31235308672.00,6.36",
"2020-02-06,1191.73,1238.76,1251.84,1191.73,5589981,28886970285.00,4.99",
"2020-02-07,1240.04,1307.76,1307.76,1234.23,5664784,32385770513.00,5.94",
"2020-02-10,1310.53,1322.25,1336.53,1293.43,5932906,30052305965.00,3.30",
"2020-02-11,1318.42,1283.57,1318.42,1266.21,5037530,26632123773.00,3.95",
"2020-02-12,1274.80,1348.70,1360.55,1274.80,4763905,27605196207.00,6.68",
"2020-02-13,1360.13,1360.71,1409.68,1353.05,6144055,35045997410.00,4.20",
"2020-02-14,1359.37,1327.22,1382.96,1305.97,5310166,30495954578.00,5.66",
"2020-02-17,1332.97,1381.55,1381.55,1332.97,4969888,27951676560.00,3.66",
"2020-02-18,1381.58,1399.38,1404.71,1372.53,4905608,31443906973.00,2.33",
"2020-02-19,1398.78,1373.44,1412.17,1373.44,4783190,29390754314.00,2.77",
"2020-02-20,1377.76,1348.34,1390.02,1321.73,4222266,25495526119.00,4.97",
"2020-02-21,1337.56,1346.86,1373.67,1337.56,4475454,32799336628.00,2.68",
"2020-02-24,1341.99,1351.71,1359.23,1328.75,4199988,27239430462.00,2.26",
"2020-02-25,1312.48,1367.37,1371.58,1312.48,4611598,29202484341.00,4.37",
"2020-02-26,1348.08,1288.24,1361.01,1286.35,5015814,28837575808.00,5.46",
"2020-02-27,1293.19,1264.94,1293.19,1251.45,5032823,28442351821.00,3.24",
"2020-02-28,1206.86,1191.06,1231.09,1187.10,5132083,27546301318.00,3.48",
"2020-03-02,1202.96,1252.62,1259.08,1194.94,4979736,24240042956.00,5.39",
"2020-03-03,1278.27,1285.03,1332.84,1272.06,5122939,27537029808.00,4.85",
"2020-03-04,1268.83,1255.72,1277.69,1226.80,3819524,21539763079.00,3.96",
"2020-03-05,1277.71,1264.79,1277.71,1246.71,4312615,20746222681.00,2.47",
"2020-03-06,1246.10,1243.37,1255.07,1237.62,3261213,16884830366.00,1.38",
"2020-03-09,1216.04,1171.86,1223.25,1171.86,3872702,18877583868.00,4.13",
"2020-03-10,1148.40,1216.33,1216.33,1135.21,4064920,20635332923.00,6.92",
"2020-03-11,1218.52,1184.71,1233.43,1184.71,4248509,18151329837.00,4.01",
"2020-03-12,1161.92,1167.07,1177.36,1151.79,2805383,13230717967.00,2.16",
"2020-03-13,1103.96,1175.28,1187.70,1103.96,3383309,17857156876.00,7.18",
"2020-03-16,1188.08,1115.08,1200.46,1115.08,3181187,16930302827.00,7.26",
"2020-03-17,1132.95,1131.55,1141.39,1079.84,2972677,15475001526.00,5.52",
"2020-03-18,1145.30,1115.02,1173.23,1115.02,2999560,15906593165.00,5.14",
"2020-03-19,1116.26,1128.97,1133.70,1091.24,2785031,14456418824.00,3.81",
"2020-03-20,1140.09,1127.37,1148.09,1114.29,2355961,13145479435.00,2.99",
"2020-03-23,1092.50,1039.88,1096.40,1037.53,2830474,13991481718.00,5.22",
"2020-03-24,1067.01,1060.84,1071.34,1020.25,2368341,12167972703.00,4.91",
"2020-03-25,1097.31,1101.32,1110.10,1094.16,2496325,12434802515.00,1.50",
"2020-03-26,1093.33,1095.34,1111.48,1091.00,2113778,10986345455.00,1.86",
"2020-03-27,1109.54,1084.51,1110.54,1082.93,2292012,10640810484.00,2.52",
"2020-03-30,1062.90,1035.83,1062.90,1021.50,2260875,11065143743.00,3.82",
"2020-03-31,1048.74,1029.75,1055.27,1027.22,1703671,8725613569.00,2.71",
"2020-04-01,1026.58,1037.93,1060.71,1026.58,1750560,8830290427.00,3.31",
"2020-04-02,1033.56,1094.83,1094.83,1033.56,2093097,11138761717.00,5.90",
"2020-04-03,1089.24,1080.53,1095.31,1074.19,1814409,9302559130.00,1.93",
"2020-04-07,1109.61,1111.65,1117.79,1108.78,1986226,9755513864.00,0.83",
"2020-04-08,1104.96,1104.15,1117.81,1100.31,1707432,8423084598.00,1.57",
"2020-04-09,1107.47,1101.28,1110.06,1094.92,2031734,9585174464.00,1.37",
"2020-04-10,1100.37,1058.44,1100.37,1054.35,2271444,10912793906.00,4.18",
"2020-04-13,1048.21,1042.15,1052.01,1038.82,1519103,7140800283.00,1.25",
"2020-04-14,1049.21,1073.22,1073.22,1049.21,1430019,6939273662.00,2.30",
"2020-04-15,1076.94,1088.20,1101.67,1076.94,1662278,9010288213.00,2.30",
"2020-04-16,1080.87,1091.93,1097.20,1080.87,1784416,8710350178.00,1.50",
"2020-04-17,1102.66,1117.07,1129.12,1102.66,2585719,12159868682.00,2.42",
"2020-04-20,1119.26,1133.36,1133.36,1115.72,5014214,11803076473.00,1.58",
"2020-04-21,1127.66,1119.23,1127.66,1108.48,3842314,10679236463.00,1.69",
"2020-04-22,1108.68,1135.85,1135.85,1108.68,3821580,11812376878.00,2.43",
"2020-04-23,1140.80,1149.72,1157.87,1140.55,4052550,14290717406.00,1.52",
"2020-04-24,1148.59,1144.15,1155.54,1139.31,3590074,13544462915.00,1.41",
"2020-04-27,1140.19,1138.10,1145.75,1136.23,3145268,13554399070.00,0.83",
"2020-04-28,1130.62,1113.51,1130.62,1037.26,4609236,17843965585.00,8.20",
"2020-04-29,1105.60,1102.70,1125.19,1102.57,3100417,12309269653.00,2.03",
"2020-04-30,1107.43,1166.35,1171.80,1107.43,4087211,17154966598.00,5.84",
"2020-05-06,1155.12,1247.51,1252.75,1155.12,5630939,24199155642.00,8.37",
"2020-05-07,1249.64,1224.10,1249.64,1218.24,5422596,22549913018.00,2.52",
"2020-05-08,1230.91,1240.25,1272.63,1230.91,4659406,21029284772.00,3.41",
"2020-05-11,1244.30,1226.06,1268.08,1215.97,4125489,19265721580.00,4.20",
"2020-05-12,1222.39,1233.59,1233.64,1203.15,3822613,17346775223.00,2.49",
"2020-05-13,1227.72,1247.03,1252.58,1227.72,4068998,18802534322.00,2.02",
"2020-05-14,1241.84,1242.17,1258.25,1238.23,4678296,20564429914.00,1.61",
"2020-05-15,1244.74,1270.48,1280.05,1244.74,4315539,21383972249.00,2.84",
"2020-05-18,1279.29,1254.30,1279.29,1253.33,5082221,26658565426.00,2.04",
"2020-05-19,1260.22,1324.42,1324.42,1260.22,4807584,25379365377.00,5.12",
"2020-05-20,1317.40,1307.00,1348.58,1297.67,5623680,28703402968.00,3.84",
"2020-05-21,1305.91,1251.93,1309.51,1251.52,4949058,24672708158.00,4.44",
"2020-05-22,1247.60,1230.66,1258.31,1208.82,4240916,20607686622.00,3.95",
"2020-05-25,1223.87,1212.09,1227.56,1205.73,3390681,16447330918.00,1.77",
"2020-05-26,1217.62,1272.66,1272.92,1217.62,4465922,20624875954.00,4.56",
"2020-05-27,1271.46,1253.27,1281.21,1251.08,4571550,21537386959.00,2.37",
"2020-05-28,1251.06,1232.22,1256.22,1206.62,4239302,21204276758.00,3.96",
"2020-05-29,1227.20,1246.11,1267.43,1227.20,4498588,22356906676.00,3.26",
"2020-06-01,1257.97,1300.74,1309.96,1257.97,5072010,26138799847.00,4.17",
"2020-06-02,1305.80,1305.64,1312.52,1294.22,4847517,26330461544.00,1.41",
"2020-06-03,1305.73,1294.28,1314.14,1293.60,4800510,26350277312.00,1.57",
"2020-06-04,1295.16,1299.80,1306.07,1291.21,5499727,26653572188.00,1.15",
"2020-06-05,1300.25,1297.31,1307.89,1292.05,4740083,23969376504.00,1.22",
"2020-06-08,1306.50,1280.05,1311.68,1277.29,4728842,24492202638.00,2.65",
"2020-06-09,1277.45,1278.51,1278.85,1269.11,4279470,21815816253.00,0.76",
"2020-06-10,1278.07,1269.98,1278.07,1265.11,5710625,22717977191.00,1.01",
"2020-06-11,1270.72,1273.59,1294.34,1265.38,5348532,24499760302.00,2.28",
"2020-06-12,1246.80,1262.29,1268.46,1246.80,4809826,22113866914.00,1.70",
"2020-06-15,1262.48,1249.91,1271.91,1249.58,4679291,22955299049.00,1.77",
"2020-06-16,1259.09,1289.14,1289.14,1259.09,5315518,25780402655.00,2.40",
"2020-06-17,1291.04,1291.12,1299.78,1280.52,5459737,26075359829.00,1.49",
"2020-06-18,1289.77,1302.37,1304.49,1286.47,4995969,24188476063.00,1.40",
"2020-06-19,1301.02,1325.15,1329.20,1301.02,4724995,23066336736.00,2.16",
"2020-06-22,1347.94,1371.21,1380.37,1347.94,7112389,33903733976.00,2.45",
"2020-06-23,1365.33,1407.19,1407.19,1365.33,5800882,28882768472.00,3.05",
"2020-06-24,1408.55,1424.28,1432.99,1406.87,6376433,31501429734.00,1.86",
"2020-06-29,1415.91,1401.64,1415.91,1393.72,5241554,25493640883.00,1.56",
"2020-06-30,1410.58,1447.89,1454.31,1410.58,5533660,28948822613.00,3.12",
"2020-07-01,1453.25,1439.88,1459.77,1417.60,6278613,33221522578.00,2.91",
"2020-07-02,1439.01,1437.05,1452.75,1424.15,5994840,32374847140.00,1.99",
"2020-07-03,1435.08,1438.59,1441.09,1408.08,6024870,31709384931.00,2.30",
"2020-07-06,1445.61,1538.40,1547.14,1444.69,9449414,46127039527.00,7.12",
"2020-07-07,1550.30,1572.19,1617.60,1550.30,10320028,55697521536.00,4.37",
"2020-07-08,1572.78,1599.91,1608.19,1555.31,7913151,45006799899.00,3.36",
"2020-07-09,1596.98,1666.85,1681.91,1594.26,9680794,57622342895.00,5.48",
"2020-07-10,1653.51,1654.83,1682.62,1633.18,7818090,50611873531.00,2.97",
"2020-07-13,1647.18,1721.98,1721.98,1640.98,8097677,52812436503.00,4.89",
"2020-07-14,1714.87,1701.58,1726.19,1647.64,9448435,62020287102.00,4.56",
"2020-07-15,1702.58,1612.04,1707.63,1611.91,10008757,68051034073.00,5.63",
"2020-07-16,1606.44,1469.80,1612.33,1460.64,13819920,97427952652.00,9.41",
"2020-07-17,1475.46,1443.40,1495.91,1425.64,8965055,56025843852.00,4.78",
"2020-07-20,1459.78,1459.03,1463.71,1388.28,9053350,57905387955.00,5.23",
"2020-07-21,1456.49,1490.17,1499.85,1454.59,7598157,49947393973.00,3.10",
"2020-07-22,1474.02,1497.23,1519.12,1468.11,9910810,64406298258.00,3.42",
"2020-07-23,1487.20,1494.14,1512.47,1459.73,8947755,57698592512.00,3.52",
"2020-07-24,1467.10,1389.31,1474.46,1389.31,10254387,58754658048.00,5.70",
"2020-07-27,1396.49,1374.52,1403.11,1361.98,6206763,38244656384.00,2.96",
"2020-07-28,1385.79,1400.54,1404.90,1383.28,5444707,33909664512.00,1.57",
"2020-07-29,1400.92,1476.92,1476.92,1395.97,7326990,48468194560.00,5.78",
"2020-07-30,1484.43,1472.79,1496.27,1467.80,7402878,50620078592.00,1.93",
"2020-07-31,1469.10,1512.98,1513.76,1467.78,8554323,59272295168.00,3.12",
"2020-08-03,1533.23,1622.81,1622.81,1533.23,9665389,66759438592.00,5.92",
"2020-08-04,1620.79,1566.06,1628.14,1555.90,7827533,55106588672.00,4.45",
"2020-08-05,1592.39,1588.62,1597.47,1556.68,7167247,51790274048.00,2.60",
"2020-08-06,1582.47,1573.87,1589.75,1552.54,6986209,50466276864.00,2.34",
"2020-08-07,1561.86,1526.80,1568.56,1492.25,7357510,50034092800.00,4.85",
"2020-08-10,1520.10,1535.60,1555.68,1507.27,6018437,43695168768.00,3.17",
"2020-08-11,1531.60,1491.84,1539.84,1490.83,5771384,38932760576.00,3.19",
"2020-08-12,1485.56,1458.64,1488.88,1422.73,6336105,42597006592.00,4.43",
"2020-08-13,1465.60,1468.23,1482.63,1453.38,4944971,37719205376.00,2.01",
"2020-08-14,1466.80,1484.04,1486.40,1453.74,4313049,29906443008.00,2.22",
"2020-08-17,1486.81,1496.40,1501.25,1471.92,7506811,38489792256.00,1.98",
"2020-08-18,1496.42,1512.51,1512.76,1492.96,7946743,45462336000.00,1.32",
"2020-08-19,1516.98,1472.02,1517.89,1470.34,8016528,42729476864.00,3.14",
"2020-08-20,1460.03,1442.58,1473.05,1438.46,6154748,32206408448.00,2.35",
"2020-08-21,1447.80,1447.71,1467.98,1443.52,5215102,27691331584.00,1.70",
"2020-08-24,1453.49,1450.67,1457.58,1421.89,5606668,29855211008.00,2.47",
"2020-08-25,1449.54,1427.70,1462.90,1424.42,5269909,28269377024.00,2.65",
"2020-08-26,1422.00,1383.31,1430.79,1377.21,6544953,35154034944.00,3.75",
"2020-08-27,1389.94,1417.56,1429.96,1380.13,6056520,32528230144.00,3.60",
"2020-08-28,1415.65,1413.64,1416.82,1393.85,5652897,34076318208.00,1.62",
"2020-08-31,1417.66,1423.24,1441.46,1417.66,5475692,31463771648.00,1.68",
"2020-09-01,1424.43,1426.65,1435.65,1419.60,4431871,24755292416.00,1.13",
"2020-09-02,1430.87,1422.95,1434.92,1411.84,4919830,28487959296.00,1.62",
"2020-09-03,1422.42,1402.14,1423.89,1396.11,5304861,31018071552.00,1.95",
"2020-09-04,1377.39,1390.28,1396.00,1371.16,4909810,29608111360.00,1.77",
"2020-09-07,1387.49,1356.70,1394.90,1349.77,6207608,36867638272.00,3.25",
"2020-09-08,1356.82,1344.61,1363.28,1328.92,4448545,26848112384.00,2.53",
"2020-09-09,1331.43,1298.08,1332.07,1289.35,6252185,29373070848.00,3.18",
"2020-09-10,1309.32,1280.19,1321.06,1276.50,4750599,23353059840.00,3.43",
"2020-09-11,1279.84,1312.51,1313.85,1272.84,4036201,20366235648.00,3.20",
"2020-09-14,1334.98,1348.07,1372.83,1334.98,4373248,24507233536.00,2.88",
"2020-09-15,1348.79,1364.60,1372.44,1334.82,4109504,22576948480.00,2.79",
"2020-09-16,1363.32,1349.67,1364.42,1341.68,4133686,20704595456.00,1.67",
"2020-09-17,1347.45,1383.59,1393.85,1335.03,8406254,36518775808.00,4.36",
"2020-09-18,1386.38,1403.90,1403.92,1379.92,6376210,30212127488.00,1.73",
"2020-09-21,1407.07,1397.75,1411.50,1390.90,5173416,27612911872.00,1.47",
"2020-09-22,1389.78,1390.09,1403.26,1379.01,5571567,27299775488.00,1.73",
"2020-09-23,1401.37,1423.90,1440.64,1400.28,6208908,30743660544.00,2.90",
"2020-09-24,1412.16,1394.93,1416.38,1392.01,5031487,24940740352.00,1.71",
"2020-09-25,1399.39,1364.02,1402.68,1360.55,3824131,19971286272.00,3.02",
"2020-09-28,1367.46,1338.95,1369.04,1335.99,4523227,22568496128.00,2.42",
"2020-09-29,1345.99,1389.96,1403.43,1345.99,4293616,21227415296.00,4.29",
"2020-09-30,1394.86,1418.80,1431.88,1393.91,3985063,20256329472.00,2.73",
"2020-10-09,1446.52,1465.96,1467.98,1446.52,4921015,24754719744.00,1.51",
"2020-10-12,1475.26,1490.58,1491.61,1469.65,6598166,35293726464.00,1.50",
"2020-10-13,1491.85,1497.60,1498.83,1485.13,5095454,27840585472.00,0.92",
"2020-10-14,1495.34,1488.67,1498.00,1481.12,4673418,25563811840.00,1.13",
"2020-10-15,1489.38,1453.79,1493.00,1451.88,4520312,26861929728.00,2.76",
"2020-10-16,1457.15,1438.53,1461.83,1429.08,3777447,22630827776.00,2.25",
"2020-10-19,1444.84,1412.15,1446.49,1411.27,4009461,25584666112.00,2.45",
"2020-10-20,1413.87,1426.18,1428.08,1402.71,3879556,22134583040.00,1.80",
"2020-10-21,1427.24,1396.98,1429.45,1396.12,3849928,23104114688.00,2.34",
"2020-10-22,1395.13,1376.58,1395.13,1373.51,3329097,21553842432.00,1.55",
"2020-10-23,1380.37,1336.53,1389.52,1336.37,3775379,23887906304.00,3.86",
"2020-10-26,1332.68,1356.11,1364.97,1313.45,3074009,18436475136.00,3.85",
"2020-10-27,1359.18,1385.75,1386.80,1354.81,3147773,19204476160.00,2.36",
"2020-10-28,1396.56,1406.07,1413.66,1392.07,4166346,24310315264.00,1.56",
"2020-10-29,1394.28,1412.06,1418.41,1387.38,4612046,26794454272.00,2.21",
"2020-10-30,1413.51,1393.91,1430.12,1393.91,6123725,35304499968.00,2.56",
"2020-11-02,1402.08,1400.91,1406.94,1370.90,5250701,28983972096.00,2.59",
"2020-11-03,1403.64,1449.01,1451.63,1402.26,5020761,28680493312.00,3.52",
"2020-11-04,1454.73,1458.90,1462.67,1443.42,4180001,24098062848.00,1.33",
"2020-11-05,1477.61,1475.38,1479.47,1453.72,4796505,27364524032.00,1.77",
"2020-11-06,1477.53,1441.47,1477.53,1429.12,4453441,26228602112.00,3.28",
"2020-11-09,1446.47,1485.15,1491.52,1442.62,7796951,45618788096.00,3.39",
"2020-11-10,1483.66,1441.97,1483.66,1438.59,5811330,33881578496.00,3.03",
"2020-11-11,1440.78,1395.51,1441.00,1393.73,5615446,32561808640.00,3.28",
"2020-11-12,1404.81,1413.29,1421.74,1404.57,4220596,23261592832.00,1.23",
"2020-11-13,1406.68,1436.89,1441.01,1401.46,4160211,23627753984.00,2.80",
"2020-11-16,1520.27,1446.95,1520.27,1444.39,4716782,26215785216.00,5.28",
"2020-11-17,1455.23,1430.81,1455.23,1425.26,4858681,26785769472.00,2.07",
"2020-11-18,1431.66,1419.23,1441.22,1418.36,5021121,26304109056.00,1.60",
"2020-11-19,1415.64,1435.92,1436.49,1408.22,4496034,22954188544.00,1.99",
"2020-11-20,1433.95,1430.72,1442.31,1427.31,4702930,23421296640.00,1.04",
"2020-11-23,1429.39,1418.10,1429.39,1412.02,4743939,25854985984.00,1.21",
"2020-11-24,1412.02,1412.75,1420.34,1409.40,4864347,27536383744.00,0.77",
"2020-11-25,1414.19,1388.36,1414.51,1387.56,4652580,26488928768.00,1.91",
"2020-11-26,1386.21,1385.31,1398.57,1380.13,3800503,21603493376.00,1.33",
"2020-11-27,1386.65,1387.77,1398.14,1380.64,3723177,20984495360.00,1.26",
"2020-11-30,1392.95,1385.48,1397.01,1380.22,4183574,25008644864.00,1.21",
"2020-12-01,1386.58,1404.24,1408.04,1381.96,3731742,22256174080.00,1.88",
"2020-12-02,1408.67,1408.49,1419.11,1403.73,5738486,30701966336.00,1.10",
"2020-12-03,1410.44,1410.83,1418.12,1398.10,4585012,24754050048.00,1.42",
"2020-12-04,1409.59,1404.87,1410.93,1401.53,4178597,23365429248.00,0.67",
"2020-12-07,1410.50,1406.19,1417.78,1403.42,4758978,27388968448.00,1.02",
"2020-12-08,1405.72,1398.73,1408.79,1397.55,4279576,24149351424.00,0.80",
"2020-12-09,1400.57,1365.04,1404.23,1364.20,4783357,25875931904.00,2.86",
"2020-12-10,1363.00,1360.18,1370.83,1355.88,5043398,29641890304.00,1.10",
"2020-12-11,1362.34,1362.96,1365.43,1345.32,6665413,36417145344.00,1.48",
"2020-12-14,1361.61,1375.06,1380.05,1353.90,4584335,26012355072.00,1.92",
"2020-12-15,1373.96,1363.18,1379.77,1357.36,4713483,27105427968.00,1.63",
"2020-12-16,1357.22,1345.13,1357.22,1339.96,5560614,33603799040.00,1.27",
"2020-12-17,1343.28,1363.36,1364.88,1339.90,4798301,28146396416.00,1.86",
"2020-12-18,1381.48,1361.11,1381.48,1357.77,4663221,26611979520.00,1.74",
"2020-12-21,1359.69,1388.67,1390.59,1355.93,5212184,30648978688.00,2.55",
"2020-12-22,1383.29,1358.62,1390.99,1355.97,5162246,30438971904.00,2.52",
"2020-12-23,1359.73,1376.60,1378.61,1355.25,5196093,29462096128.00,1.72",
"2020-12-24,1378.38,1348.01,1384.31,1347.80,5764382,30082831616.00,2.65",
"2020-12-25,1348.47,1349.79,1357.65,1340.79,4981681,26650843648.00,1.25",
"2020-12-28,1345.30,1339.01,1349.35,1335.25,5208984,28804866048.00,1.04",
"2020-12-29,1338.24,1337.47,1353.06,1336.09,4819255,25857883904.00,1.27",
"2020-12-30,1336.72,1362.91,1367.76,1335.21,5200486,32904164864.00,2.43",
"2020-12-31,1370.44,1393.03,1394.74,1368.47,5460861,36316902656.00,1.93",
"2021-01-04,1398.96,1422.12,1425.70,1389.59,5855451,39021079296.00,2.59",
"2021-01-05,1413.18,1425.16,1427.12,1409.54,6097512,38510325504.00,1.24",
"2021-01-06,1430.07,1415.02,1434.19,1408.06,6071455,36142763264.00,1.83",
"2021-01-07,1414.90,1381.94,1417.43,1370.19,6633573,41545663488.00,3.34",
"2021-01-08,1382.15,1378.74,1385.12,1366.18,5424099,35318626560.00,1.37",
"2021-01-11,1385.35,1390.66,1407.91,1378.12,5762420,37307166720.00,2.16",
"2021-01-12,1389.47,1405.22,1408.42,1379.80,4511353,29205335552.00,2.06",
"2021-01-13,1412.07,1407.41,1416.66,1389.77,5709620,33967491840.00,1.91",
"2021-01-14,1406.05,1447.27,1478.75,1399.56,7542993,40687823872.00,5.63",
"2021-01-15,1450.86,1447.58,1465.69,1431.45,6054884,36295712768.00,2.37",
"2021-01-18,1443.82,1481.25,1496.37,1437.02,6290347,40072199936.00,4.10",
"2021-01-19,1485.46,1443.92,1489.22,1441.62,5731520,36172567552.00,3.21",
"2021-01-20,1450.72,1481.45,1482.11,1444.74,4920432,31745829632.00,2.59",
"2021-01-21,1485.65,1482.28,1492.95,1465.89,5260490,33695348480.00,1.83",
"2021-01-22,1482.65,1486.31,1487.61,1456.02,5801637,40773614592.00,2.13",
"2021-01-25,1481.74,1498.60,1513.73,1471.18,6035836,42910105088.00,2.86",
"2021-01-26,1498.00,1478.45,1509.41,1471.31,4841190,34015119104.00,2.54",
"2021-01-27,1481.49,1458.37,1489.76,1441.18,4527917,30381286144.00,3.29",
"2021-01-28,1441.40,1421.59,1461.84,1418.94,4281555,28182121216.00,2.94",
"2021-01-29,1435.28,1421.96,1440.25,1400.67,4920399,30162851072.00,2.78",
"2021-02-01,1419.18,1421.48,1439.04,1412.16,4623272,28612523008.00,1.89",
"2021-02-02,1419.71,1438.06,1438.09,1414.36,4469188,27327224320.00,1.67",
"2021-02-03,1436.00,1410.15,1443.98,1410.15,5084930,30152505344.00,2.35",
"2021-02-04,1402.09,1394.10,1412.71,1367.71,4842044,27993705472.00,3.19",
"2021-02-05,1396.12,1368.80,1407.32,1368.65,4227634,26311162624.00,2.77",
"2021-02-08,1371.75,1382.48,1395.14,1367.33,3771755,23679081728.00,2.03",
"2021-02-09,1389.07,1427.68,1434.87,1383.86,3905478,25790978304.00,3.69",
"2021-02-10,1424.77,1437.02,1440.21,1407.64,4082148,27639423232.00,2.28",
"2021-02-18,1457.80,1429.74,1465.68,1429.09,4797954,31047946496.00,2.55",
"2021-02-19,1426.10,1427.91,1430.72,1404.15,4339918,26403207424.00,1.86",
"2021-02-22,1431.56,1389.92,1436.80,1388.52,5450826,31366685440.00,3.38",
"2021-02-23,1371.63,1390.53,1401.51,1370.91,4358750,25718346240.00,2.20",
"2021-02-24,1393.72,1365.64,1398.33,1358.41,4513936,27847238400.00,2.87",
"2021-02-25,1373.84,1349.71,1375.61,1349.71,4900397,25511458304.00,1.90",
"2021-02-26,1319.89,1325.59,1344.15,1319.65,4743338,27756646912.00,1.82",
"2021-03-01,1339.99,1358.14,1359.72,1337.19,4967721,27942860800.00,1.70",
"2021-03-02,1373.03,1352.04,1373.66,1342.90,5245032,28183824896.00,2.26",
"2021-03-03,1350.01,1359.40,1359.79,1340.32,4491709,28112309760.00,1.44",
"2021-03-04,1358.28,1324.16,1362.99,1322.34,5243798,29925857536.00,2.99",
"2021-03-05,1307.06,1329.84,1338.83,1305.92,3836834,23076216320.00,2.49",
"2021-03-08,1337.02,1275.46,1340.42,1275.46,4922588,28984739840.00,4.88",
"2021-03-09,1275.32,1230.14,1278.32,1227.18,5040233,26492249600.00,4.01"
]
}
}
)
